    |	i	d	e	l	n	o	"	'	.	#	C
----|---------------------------------------------------------------------------------------
0   |	0	0	0	1	2	10	4	7	13	15	20
1   |	0	0	0	1	1	10	4	7	13	15	20
2   |	0	0	0	1	2	10	4	7	3	15	20
3   |	0	0	0	1	3	10	4	7	13	15	20
4   |	6	4	4	4	4	4	5	4	4	4	4
5   |	0	0	0	1	2	10	4	7	13	15	20
6   |	0	0	0	1	2	10	4	7	13	15	20
7   |	14	8	8	8	8	8	8	14	8	8	8
8   |	14	14	14	14	14	14	14	9	14	14	14
9   |	0	0	0	1	2	10	4	7	13	15	20
10  |	0	0	0	1	2	11	4	7	13	15	20
11  |	0	0	0	1	2	12	4	7	13	15	20
12  |	0	0	0	1	2	12	4	7	13	15	20
13  |	0	0	0	1	2	10	4	7	13	15	20
14  |	0	14	14	14	14	14	14	0	14	14	14
15  |	19	19	19	19	19	19	19	19	19	16	19
16  |	19	16	16	16	16	16	16	16	16	17	16
17  |	19	19	19	19	19	19	19	19	19	18	19
18  |	0	0	0	1	2	10	4	7	13	15	20
19  |	0	0	0	1	2	10	4	7	13	15	20
20  |	0	0	0	1	2	10	4	7	13	15	20
